0.6908338665962219
0.6928822994232178
0.692285418510437
0.6870992183685303
0.6787511706352234
0.6729553937911987
0.6629420518875122
0.6489638686180115
0.637512743473053
0.6230648159980774
0.6037166714668274
0.5814182758331299
0.5335344076156616
0.4985729455947876
0.45886489748954773
0.41679513454437256
0.3761369287967682
0.335856556892395
0.2971457242965698
0.2667863965034485
0.23413904011249542
0.20539648830890656
0.18042270839214325
0.15918578207492828
0.14087480306625366
0.12559232115745544
0.11203610897064209
0.10119684785604477
0.09136539697647095
0.08313588798046112
0.07610317319631577
0.0700237900018692
0.06446309387683868
0.059669241309165955
0.05542245879769325
0.05171788111329079
0.04845231771469116
0.045373186469078064
0.04288433492183685
0.040375616401433945
0.0381234847009182
0.03621527925133705
0.03445344418287277
0.03284167870879173
0.03140709176659584
0.030044568702578545
0.028570327907800674
0.02739020064473152
0.026371363550424576
0.02539324201643467
0.024530934169888496
0.023654498159885406
0.022884031757712364
0.022154156118631363
0.021451257169246674
0.020791038870811462
0.020175442099571228
0.019521506503224373
0.01900535076856613
0.01846652291715145
0.017966914921998978
0.01750475913286209
0.017073068767786026
0.016662556678056717
0.016261808574199677
0.01589864119887352
0.015567097812891006
0.015253222547471523
0.014930831268429756
0.014600996859371662
0.014295486733317375
0.014006435871124268
0.013728446327149868
0.013459530659019947
0.0132020628079772
0.012955369427800179
0.0127180190756917
0.012489485554397106
0.012269292958080769
0.012054987251758575
0.011850913055241108
0.011653282679617405
0.011462320573627949
0.011277720332145691
0.011099203489720821
0.010926238261163235
0.010758945718407631
0.01059700082987547
0.010440181009471416
0.010288115590810776
0.010140608064830303
0.009997362270951271
0.00985835399478674
0.009711059741675854
0.009586968459188938
0.00946075189858675
0.009337298572063446
0.009206762537360191
0.009095665998756886
0.008981434628367424
0.008871402591466904
0.008753885515034199
0.008654370903968811
0.008552880957722664
0.0084433788433671
0.008351579308509827
0.008257590234279633
0.008155581541359425
0.008070442825555801
0.007982679642736912
0.007888173684477806
0.007807705085724592
0.007726805284619331
0.0076383184641599655
0.007558212615549564
0.007486880756914616
0.007404339034110308
0.007329062558710575
0.0072574615478515625
0.007191834505647421
0.007115455344319344
0.00704762851819396
0.006980294361710548
0.00691576162353158
0.006851723417639732
0.006788485683500767
0.00672534666955471
0.006665236782282591
0.006610236130654812
0.0065472181886434555
0.006489693187177181
0.0064332690089941025
0.006378225516527891
0.006325008347630501
0.006269837263971567
0.0062178028747439384
0.006167428568005562
0.006117420271039009
0.006065928377211094
0.006017470732331276
0.005969839636236429
0.005921121686697006
0.005876029841601849
0.005830410867929459
0.005786641035228968
0.005737132392823696
0.005696646869182587
0.0056555503979325294
0.005613808985799551
0.005572738125920296
0.00552702322602272
0.005490500945597887
0.005451781675219536
0.005413588602095842
0.005371046252548695
0.005336176138371229
0.005299862939864397
0.00526392599567771
0.005223771091550589
0.005190955940634012
0.0051568131893873215
0.005122805014252663
0.00508448900654912
0.00505390390753746
0.005021749064326286
0.004990102723240852
0.004953495692461729
0.004924217239022255
0.0048944284208118916
0.004859489854425192
0.0048319087363779545
0.004802674986422062
0.004773976281285286
0.0047406298108398914
0.004714416805654764
0.004686934873461723
0.004655155818909407
0.004629530478268862
0.004603562410920858
0.0045729633420705795
0.004548303782939911
0.004523343872278929
0.00449769152328372
0.0044684805907309055
0.004445347934961319
0.0044210865162312984
0.004393097013235092
0.004370881710201502
0.004347675945609808
0.00432061729952693
0.004298926796764135
0.004276550840586424
0.0042505101300776005
0.004229881335049868
0.004204744938760996
0.00418472196906805
0.004163752775639296
0.0041390955448150635
0.00411939574405551
0.004099036566913128
0.004075255710631609
0.004056429490447044
0.004033578559756279
0.0040150536224246025
0.003995873034000397
0.003973361570388079
0.003955574240535498
0.003937010187655687
0.003915135283023119
0.003897655289620161
0.0038766558282077312
0.0038599325343966484
0.0038383412174880505
0.0038223767187446356
0.0038014682941138744
0.0037861184682697058
0.0037657059729099274
0.0037506003864109516
0.0037307494785636663
0.0037159414496272802
0.003696485422551632
0.0036819742526859045
0.0036626863293349743
0.003648542333394289
0.003629817394539714
0.0036159148439764977
0.00359754147939384
0.0035839055199176073
0.0035660320427268744
0.0035527253057807684
0.003535065334290266
0.003521862905472517
0.0035043677780777216
0.0034915348514914513
0.0034745382145047188
0.0034586230758577585
0.003446579910814762
0.0034304442815482616
0.003418095875531435
0.003402167232707143
0.0033899685367941856
0.003374077146872878
0.003362235613167286
0.00334661896340549
0.003331923857331276
0.0033208795357495546
0.003305926453322172
0.0032946839928627014
0.0032798449974507093
0.0032657934352755547
0.0032550273463129997
0.0032407648395746946
0.003230069298297167
0.003215841017663479
0.003205242333933711
0.0031913076527416706
0.003177919425070286
0.0031679372768849134
0.0031544463708996773
0.0031443526968359947
0.0031309935729950666
0.0031182991806417704
0.0031085920054465532
0.0030957001727074385
0.0030834563076496124
0.0030741726513952017
0.0030616489239037037
0.003052263520658016
0.0030396936926990747
0.0030276989564299583
0.003018770134076476
0.003006665501743555
0.002995152724906802
0.002986476756632328
0.002974562346935272
0.002963348990306258
0.0029548488091677427
0.0029433437157422304
0.0029346614610403776
0.00292319618165493
0.002912301104515791
0.002904078457504511
0.002893025055527687
0.0028824685141444206
0.002874333644285798
0.0028635235503315926
0.0028532007709145546
0.0028453748673200607
0.002834844635799527
0.0028247239533811808
0.0028169858269393444
0.002806661883369088
