0.6929189562797546
0.6926698088645935
0.6924843192100525
0.6922435760498047
0.6920177936553955
0.691818356513977
0.6916167736053467
0.691413164138794
0.6912029385566711
0.6909899711608887
0.6907689571380615
0.690548837184906
0.6903238296508789
0.6900497674942017
0.6898064017295837
0.6895470023155212
0.6892685890197754
0.6889832019805908
0.6886880397796631
0.6883559823036194
0.6880389451980591
0.6877025961875916
0.6873446702957153
0.6869712471961975
0.6865770816802979
0.6861485242843628
0.6856780052185059
0.6851733922958374
0.6846351027488708
0.684074342250824
0.6834922432899475
0.6828691959381104
0.6822121739387512
0.6814993023872375
0.6807448267936707
0.6799397468566895
0.6790895462036133
0.6781799793243408
0.6772183775901794
0.6761986613273621
0.6751241087913513
0.6739871501922607
0.6727648377418518
0.67148756980896
0.6701117753982544
0.6686487793922424
0.6671009659767151
0.665498673915863
0.6637898087501526
0.6619033217430115
0.6600139141082764
0.6580203175544739
0.6557900309562683
0.6535623669624329
0.6512215733528137
0.6487185955047607
0.6462204456329346
0.6433412432670593
0.6404600143432617
0.6373814940452576
0.6339912414550781
0.6306100487709045
0.6267389059066772
0.6230836510658264
0.6191480755805969
0.615014910697937
0.6105881333351135
0.6055298447608948
0.6007720828056335
0.5957882404327393
0.5905559062957764
0.58504319190979
0.579250693321228
0.5725526809692383
0.5665780305862427
0.5598899126052856
0.5529987215995789
0.5457175374031067
0.5380709171295166
0.5302824378013611
0.5220853090286255
0.5134969353675842
0.5046684741973877
0.49560225009918213
0.4859977960586548
0.4760408401489258
0.4657421112060547
0.45501720905303955
0.44389018416404724
0.43246567249298096
0.4206785559654236
0.40841200947761536
0.39581093192100525
0.38298049569129944
0.36990609765052795
0.3566780984401703
0.3434045910835266
0.3300621211528778
0.3167182207107544
0.30361682176589966
0.2905265986919403
0.2777882218360901
0.26526620984077454
0.25307613611221313
0.24127480387687683
0.22990849614143372
0.2189757525920868
0.2084982693195343
0.19849291443824768
0.18895761668682098
0.17987874150276184
0.17126283049583435
0.1630902886390686
0.15535373985767365
0.14805489778518677
0.1411643922328949
0.13467071950435638
0.12854577600955963
0.12277553975582123
0.11733758449554443
0.11220990121364594
0.10737688839435577
0.10281655192375183
0.09851694852113724
0.09445611387491226
0.09062007069587708
0.08699540793895721
0.08356973528862
0.08032803237438202
0.07726393640041351
0.07436615228652954
0.07162055373191833
0.06901965290307999
0.06655359268188477
0.06421466171741486
0.06199584901332855
0.05989019200205803
0.057889726012945175
0.055989306420087814
0.05418175458908081
0.05246196687221527
0.05082465335726738
0.049265313893556595
0.04777911677956581
0.046362604945898056
0.0450117290019989
0.04372251778841019
0.04249142110347748
0.04131585359573364
0.04019223153591156
0.03911822289228439
0.03809094429016113
0.03710757568478584
0.036166246980428696
0.03526438772678375
0.03440047428011894
0.03357158973813057
0.032776329666376114
0.03201313316822052
0.0312800332903862
0.030575722455978394
0.02989875338971615
0.029247770085930824
0.028621183708310127
0.028017841279506683
0.02743680775165558
0.026876838877797127
0.026337111368775368
0.025816794484853745
0.025314629077911377
0.02482987567782402
0.02436148375272751
0.02390895038843155
0.02347157895565033
0.02304885908961296
0.022639982402324677
0.02224428579211235
0.021861184388399124
0.0214903075248003
0.02113104611635208
0.020782867446541786
0.020445413887500763
0.020118124783039093
0.019800595939159393
0.01949239894747734
0.019193237647414207
0.018902676180005074
0.018620343878865242
0.018345987424254417
0.018079273402690887
0.017819877713918686
0.017567560076713562
0.017322033643722534
0.01708308607339859
0.016850419342517853
0.01662379316985607
0.01640310138463974
0.01618807390332222
0.01597849652171135
0.015774160623550415
0.015574849210679531
0.015380430966615677
0.015190748497843742
0.015005677938461304
0.014824984595179558
0.01464859489351511
0.01447633933275938
0.014308111742138863
0.01414370909333229
0.013983026146888733
0.013825919479131699
0.013672301545739174
0.013522094115614891
0.01337512955069542
0.013231359422206879
0.013090615160763264
0.01295285765081644
0.012818041257560253
0.012686005793511868
0.012556703761219978
0.012430050410330296
0.012305938638746738
0.01218439918011427
0.012065255083143711
0.011948458850383759
0.01183394342660904
0.011721651069819927
0.01161150261759758
0.011503455229103565
0.011397494934499264
0.011293511837720871
0.011191453784704208
0.011091341264545918
0.010993007570505142
0.010896478779613972
0.010801668278872967
0.01070856861770153
0.010617082007229328
0.010527241975069046
0.010438919067382812
0.01035215426236391
0.010266820900142193
0.010182973928749561
0.01010049507021904
0.010019456036388874
0.009939700365066528
0.009861338883638382
0.009784205816686153
0.009708378463983536
0.009633668698370457
0.009560232050716877
0.009487980976700783
0.009416821412742138
0.00934679340571165
0.009277790784835815
0.00920990202575922
0.009143063798546791
0.00907719787210226
0.009012390859425068
0.008948566392064095
0.008885599672794342
0.008823661133646965
0.008762520737946033
0.00870230421423912
0.008642985485494137
0.008584508672356606
0.008526775985956192
0.00846991129219532
0.008413913659751415
0.008358579128980637
0.008304075337946415
0.008250358514487743
0.00819731131196022
0.00814494863152504
0.00809335708618164
0.008042489178478718
0.007992280647158623
0.007942651398479939
0.007893766276538372
0.007845458574593067
0.007797809783369303
0.007750775199383497
0.007704350631684065
0.007658533751964569
0.007613201159983873
0.007568524219095707
0.0075243618339300156
0.007480742875486612
0.007437671069055796
0.007395073771476746
0.007352990563958883
0.007311475928872824
0.0072704460471868515
0.007229949813336134
0.00718985591083765
0.0071503096260130405
0.007111208513379097
0.007072539068758488
0.007034407928586006
0.006996592506766319
0.006959250196814537
0.006922334898263216
0.006885823328047991
0.0068497080355882645
0.006814036052674055
0.006778812035918236
0.006743855308741331
0.006709336768835783
0.006675188895314932
0.006641382817178965
0.006607993971556425
0.006574937142431736
0.006542278919368982
0.006509875878691673
0.006477858871221542
0.006446136627346277
0.0064148083329200745
0.006383794825524092
0.006353083997964859
0.00632273405790329
0.0062927138060331345
0.006262858863919973
0.006233416963368654
0.006204245146363974
0.006175375543534756
0.006146787200123072
0.0061185420490801334
0.006090461276471615
0.006062668282538652
0.006035188212990761
0.006007996853441
0.005981041118502617
0.0059543633833527565
0.005927972961217165
0.005901701748371124
0.005875781644135714
0.005850101355463266
0.005824647378176451
0.0057994294911623
0.005774455610662699
0.0057496922090649605
0.00572527851909399
0.0057009244337677956
0.0056768544018268585
0.005653006955981255
0.005629357881844044
0.005605902057141066
0.0055827246978878975
0.005559713114053011
0.005536897573620081
0.005514364689588547
0.005491898860782385
0.005469665862619877
0.005447659641504288
0.005425835493952036
0.0054041980765759945
0.0053827278316020966
0.005361450370401144
0.005340328440070152
0.005319442134350538
0.005298777017742395
0.005278170574456453
0.005257772747427225
0.005237550009042025
0.005217486992478371
0.005197631660848856
0.005177922081202269
0.005158360116183758
0.005138956941664219
0.00511970603838563
0.005100574344396591
0.005081657785922289
0.0050629423931241035
0.005044246092438698
0.005025736056268215
0.005007395055145025
0.0049891662783920765
0.004971146583557129
0.004953221417963505
0.004935454577207565
0.004917806945741177
0.0049002887681126595
0.00488294055685401
0.004865703172981739
0.004848589189350605
0.004831595346331596
0.00481474120169878
0.0047980379313230515
0.0047813886776566505
0.004764886107295752
0.004748526029288769
0.0047322907485067844
0.004716154653578997
0.004700114950537682
0.004684245213866234
0.004668454173952341
0.004652808886021376
0.004637263715267181
0.004621835425496101
0.004606473259627819
0.004591295029968023
0.004576200153678656
0.004561194684356451
0.004546299576759338
0.004531524609774351
0.004516819026321173
0.004502252675592899
0.0044877901673316956
0.004473437555134296
0.004459167830646038
0.004444990772753954
0.00443089148029685
0.004416939336806536
0.004403060767799616
0.0043892706744372845
0.004375628661364317
0.004361982923001051
0.0043484242632985115
0.00433499738574028
0.004321675281971693
0.004308415576815605
0.004295236896723509
0.004282152280211449
0.0042691342532634735
0.004256244283169508
0.004243414383381605
0.004230682738125324
0.004218032583594322
0.004205444827675819
0.004192913882434368
0.004180510528385639
0.004168190993368626
0.004155936650931835
0.004143779166042805
0.004131659399718046
0.004119670018553734
0.0041077230125665665
0.004095857962965965
0.004084079526364803
0.0040723588317632675
0.004060681909322739
0.00404913118109107
0.004037624225020409
0.004026211332529783
0.00401485338807106
0.004003551322966814
0.003992317244410515
0.0039811949245631695
0.003970110323280096
0.003959091380238533
0.003948135767132044
0.003937214147299528
0.003926414065063
0.003915654495358467
0.0039049452170729637
0.003894337685778737
0.003883765311911702
0.0038732211105525494
0.0038628028705716133
0.003852444002404809
0.0038421195931732655
0.003831870388239622
0.003821664722636342
0.0038115158677101135
0.003801465965807438
0.003791439114138484
0.0037814730312675238
0.0037715567741543055
0.003761681728065014
0.003751907031983137
0.003742159577086568
0.0037324773147702217
0.0037228490691632032
0.0037132666911929846
0.003703703172504902
0.0036942660808563232
0.003684848081320524
0.003675496904179454
0.0036661960184574127
0.003656906308606267
