0.6921278834342957
0.6223312020301819
0.33157581090927124
0.09972713142633438
0.029957043007016182
0.014584571123123169
0.010501203127205372
0.00906309112906456
0.008392644114792347
0.007979649119079113
0.007666928227990866
0.007402233779430389
0.007166681811213493
0.006952481810003519
0.006755910813808441
0.006574420724064112
0.006406126078218222
0.006249635946005583
0.0061037009581923485
0.005967200268059969
0.0058392491191625595
0.005718921311199665
0.005605528596788645
0.005498460493981838
0.005397134926170111
0.005301069933921099
0.005209809169173241
0.005123020615428686
0.005040342919528484
0.004961435683071613
0.004886030685156584
0.004813870880752802
0.004744758829474449
0.004678445868194103
0.004614753648638725
0.004553497768938541
0.00449451245367527
0.004437738098204136
0.004382988438010216
0.004330110736191273
0.004279056563973427
0.004229687619954348
0.0041819363832473755
0.004135752096772194
0.004090955480933189
0.004047522787004709
0.004005377180874348
0.003964475821703672
0.003924754913896322
0.0038861616048961878
0.003848639316856861
0.0038121119141578674
0.003776578465476632
0.0037419949658215046
0.0037082822527736425
0.0036754554603248835
0.003643420524895191
0.0036121648736298084
0.003581676632165909
0.003551935078576207
0.0035228426568210125
0.0034944405779242516
0.003466675989329815
0.0034395167604088783
0.0034129705745726824
0.0033869955223053694
0.0033615692518651485
0.003336661495268345
0.0033122750464826822
0.00328837800770998
0.0032649626955389977
0.003242029808461666
0.003219543257728219
0.003197489073500037
0.003175854217261076
0.003154612611979246
0.0031338045373559
0.0031133522279560566
0.003093281527981162
0.0030735665932297707
0.0030541878659278154
0.003035144414752722
0.0030164653435349464
0.0029980859253555536
0.0029800166375935078
0.0029622705187648535
0.002944799605756998
0.0029276194982230663
0.002910728333517909
0.0028941158670932055
0.0028777667321264744
0.002861656714230776
0.0028458095621317625
0.0028301982674747705
0.0028148205019533634
0.0027996699791401625
0.0027847576420754194
0.002770050661638379
0.00275556743144989
0.0027412965428084135
0.002727240789681673
0.002713362220674753
0.002699681092053652
0.002686208114027977
0.0026729018427431583
0.002659789752215147
0.0026468357536941767
0.0026340933982282877
0.0026214970275759697
0.0026090843603014946
0.002596805337816477
0.002584707224741578
0.002572747878730297
0.002560956170782447
0.0025492985732853413
0.0025378158316016197
0.0025264474097639322
0.002515222644433379
0.00250414595939219
0.0024931756779551506
0.0024823767598718405
0.0024716791231185198
0.0024611148983240128
0.0024506812915205956
0.0024403659626841545
0.002430180087685585
0.0024200952611863613
0.002410133136436343
0.002400287427008152
0.002390549285337329
0.002380909863859415
0.002371381036937237
0.0023619667626917362
0.002352652372792363
0.0023434245958924294
0.0023342932108789682
0.00232527032494545
0.002316343132406473
0.002307506278157234
0.002298770472407341
0.0022901189513504505
0.0022815538104623556
